0 660.976000 304.225000
0 636.213000 306.174000
0 662.753000 307.565000
0 657.487000 307.740000
0 635.273000 308.157000
0 640.484000 309.592000
0 660.523000 309.613000
0 658.759000 312.594000
0 674.821000 315.093000
0 649.170000 316.174000
0 631.858000 316.908000
0 673.506000 317.648000
0 637.439000 318.289000
0 644.003000 320.565000
0 622.679000 320.843000
0 655.504000 320.916000
0 626.318000 321.780000
0 633.245000 322.492000
0 678.360000 323.472000
0 637.081000 323.619000
0 653.079000 324.434000
0 639.035000 324.523000
0 680.978000 324.669000
0 644.647000 325.905000
0 652.268000 326.389000
0 665.755000 327.567000
0 675.270000 327.608000
0 631.213000 327.950000
0 643.600000 328.542000
0 668.535000 329.060000
0 658.985000 329.159000
0 651.423000 329.337000
0 646.127000 329.862000
0 683.672000 330.534000
0 666.442000 331.637000
0 682.478000 331.858000
0 640.783000 333.145000
0 649.948000 333.168000
0 663.551000 333.265000
0 624.463000 333.342000
0 645.513000 334.213000
0 632.527000 334.935000
0 639.959000 335.242000
0 670.422000 336.607000
0 647.217000 340.107000
0 685.940000 340.389000
0 620.777000 341.340000
0 618.936000 341.409000
0 679.985000 341.547000
0 627.324000 341.603000
0 639.416000 342.035000
0 622.928000 342.459000
0 662.056000 342.529000
0 676.484000 342.750000
0 642.366000 345.063000
0 639.621000 345.609000
0 630.040000 346.568000
0 646.700000 346.681000
0 625.209000 346.771000
0 650.768000 347.282000
0 672.056000 347.548000
0 629.259000 347.766000
0 654.751000 347.881000
0 656.628000 348.501000
0 660.134000 348.671000
0 667.984000 349.415000
0 642.738000 349.951000
0 652.024000 349.986000
0 671.291000 350.525000
0 637.791000 350.903000
0 649.556000 351.032000
0 654.517000 352.398000
0 659.838000 353.262000
0 648.966000 356.048000
0 669.789000 357.397000
0 665.373000 359.929000
0 624.855000 360.424000
0 662.420000 360.720000
0 626.761000 363.811000
0 667.140000 364.033000
0 637.609000 364.503000
0 648.763000 364.824000
0 638.583000 365.650000
0 666.254000 366.738000
0 653.469000 370.728000
0 650.430000 371.572000
0 661.430000 372.276000
3 465.741000 40.127000
3 482.456000 41.754000
3 477.011000 43.279000
3 476.600000 45.718000
3 488.985000 46.419000
3 490.389000 46.649000
3 459.989000 48.062000
3 451.672000 48.477000
3 447.604000 51.804000
3 456.120000 52.193000
3 447.401000 52.680000
3 489.694000 53.469000
3 489.323000 53.989000
3 474.738000 54.167000
3 468.284000 54.237000
3 487.319000 54.287000
3 478.584000 54.568000
3 517.589000 55.822000
3 490.101000 56.147000
3 516.314000 56.174000
3 453.824000 56.455000
3 464.638000 57.017000
3 445.339000 57.294000
3 507.470000 57.687000
3 480.505000 59.468000
3 454.310000 59.578000
3 446.989000 60.668000
3 520.495000 60.697000
3 457.219000 61.058000
3 501.550000 61.489000
3 508.426000 61.924000
3 447.115000 62.044000
3 442.165000 62.166000
3 498.974000 62.522000
3 463.971000 62.675000
3 519.726000 64.114000
3 467.813000 64.479000
3 509.907000 64.625000
3 515.120000 66.087000
3 485.224000 67.012000
3 452.837000 67.247000
3 502.674000 67.575000
3 523.466000 67.773000
3 488.187000 67.923000
3 504.803000 68.302000
3 466.572000 68.819000
3 461.595000 69.350000
3 473.674000 69.556000
3 431.040000 69.589000
3 456.452000 70.104000
3 450.642000 70.156000
3 500.674000 70.160000
3 494.982000 70.178000
3 512.411000 71.274000
3 461.568000 72.370000
3 504.405000 73.147000
3 449.195000 73.234000
3 524.047000 73.320000
3 444.002000 73.804000
3 503.446000 73.822000
3 490.326000 74.669000
3 444.186000 74.773000
3 443.042000 75.007000
3 476.081000 75.411000
3 443.575000 75.477000
3 516.205000 77.533000
3 484.653000 78.147000
3 455.329000 78.197000
3 459.305000 78.720000
3 495.572000 78.745000
3 425.956000 78.906000
3 526.738000 80.445000
3 528.601000 80.789000
3 493.700000 81.478000
3 470.216000 82.183000
3 471.170000 82.281000
3 477.290000 82.318000
3 536.043000 82.472000
3 529.990000 82.646000
3 441.622000 82.712000
3 482.255000 82.785000
3 488.474000 83.054000
3 474.061000 83.219000
3 531.936000 83.234000
3 513.167000 84.628000
3 494.467000 84.637000
3 535.227000 85.103000
3 529.089000 85.565000
3 456.320000 85.624000
3 518.369000 85.695000
3 511.716000 85.906000
3 492.166000 86.233000
3 448.946000 86.545000
3 432.501000 87.168000
3 525.191000 87.662000
3 497.048000 88.247000
3 525.932000 88.422000
3 437.223000 89.016000
3 429.847000 89.107000
3 521.958000 89.828000
3 517.274000 90.571000
3 537.606000 91.828000
3 436.353000 91.968000
3 506.119000 92.784000
3 527.511000 93.643000
3 424.294000 97.509000
3 441.896000 97.950000
3 436.160000 99.510000
3 434.226000 100.897000
3 444.570000 101.574000
3 428.855000 108.992000
3 438.753000 110.450000
3 429.191000 112.407000
3 437.000000 112.594000
3 438.797000 115.729000
3 421.602000 117.717000
3 439.119000 119.693000
3 437.638000 120.246000
3 445.168000 121.036000
3 423.173000 123.604000
3 426.709000 125.924000
3 428.665000 126.795000
3 419.133000 127.199000
3 435.422000 127.915000
3 445.818000 130.619000
3 441.056000 131.792000
3 449.750000 132.161000
3 436.787000 132.524000
3 423.113000 133.675000
3 439.334000 133.911000
3 423.694000 134.560000
3 420.737000 134.844000
3 433.380000 135.975000
3 427.845000 139.381000
3 455.690000 139.930000
3 433.728000 140.543000
3 427.535000 140.842000
3 440.130000 142.847000
3 422.181000 143.794000
3 432.792000 143.799000
3 425.758000 144.367000
3 469.419000 144.455000
3 435.550000 145.395000
3 431.419000 145.755000
3 451.224000 145.775000
3 440.408000 146.542000
3 431.209000 147.043000
3 440.541000 147.443000
3 429.476000 147.655000
3 457.738000 147.949000
3 462.197000 148.753000
3 458.784000 148.790000
3 435.104000 150.564000
3 481.596000 150.747000
3 470.742000 151.028000
3 475.537000 151.384000
3 486.403000 152.427000
3 479.218000 153.336000
3 442.739000 153.699000
3 468.571000 154.661000
3 487.203000 155.054000
3 491.499000 155.056000
3 469.035000 155.808000
3 492.554000 156.945000
3 493.331000 157.034000
3 450.257000 157.572000
3 430.442000 157.874000
3 486.966000 158.690000
3 431.691000 161.683000
3 475.063000 162.051000
3 505.503000 162.450000
3 453.361000 162.676000
3 485.405000 162.724000
3 450.017000 162.982000
3 467.237000 163.015000
3 444.988000 163.518000
3 446.606000 163.869000
3 504.016000 164.453000
3 483.317000 164.960000
3 460.405000 165.011000
3 454.607000 165.491000
3 448.598000 166.010000
3 490.836000 166.186000
3 474.385000 166.211000
3 452.446000 166.814000
3 448.289000 168.177000
3 485.908000 168.301000
3 460.684000 168.549000
3 473.044000 169.300000
3 463.544000 169.773000
3 441.254000 169.819000
3 478.121000 170.152000
3 472.289000 170.258000
3 456.744000 170.562000
3 506.497000 171.391000
3 458.455000 171.723000
3 480.952000 172.104000
3 471.724000 172.447000
3 462.369000 172.691000
3 462.699000 176.173000
3 499.357000 177.083000
3 497.729000 179.010000
3 476.852000 179.141000
3 482.757000 180.824000
4 497.288000 116.862000
4 504.684000 118.564000
4 500.450000 118.781000
4 512.501000 118.822000
4 515.358000 119.685000
4 506.057000 119.873000
4 551.669000 119.940000
4 513.607000 120.024000
4 542.261000 121.323000
4 503.533000 123.134000
4 538.449000 123.666000
4 506.288000 123.926000
4 532.535000 124.963000
4 535.374000 124.987000
4 536.336000 125.359000
4 541.956000 125.614000
4 504.129000 126.134000
4 499.386000 126.144000
4 498.238000 126.197000
4 510.951000 126.254000
4 523.702000 126.337000
4 492.240000 127.167000
4 533.889000 127.493000
4 516.126000 127.973000
4 494.990000 128.921000
4 556.017000 129.036000
4 532.113000 131.972000
4 534.042000 133.423000
4 509.416000 134.110000
4 535.720000 134.304000
4 514.408000 135.016000
4 493.319000 135.260000
4 520.422000 137.280000
4 527.298000 137.360000
4 524.935000 138.144000
4 521.854000 138.206000
4 550.427000 140.703000
4 510.183000 142.282000
4 548.844000 142.901000
4 516.698000 142.955000
4 528.705000 144.861000
4 575.800000 145.081000
4 528.510000 145.594000
4 525.507000 146.165000
4 549.351000 147.794000
4 528.385000 149.093000
4 574.776000 149.666000
4 564.062000 150.091000
4 569.252000 150.450000
4 580.529000 152.580000
4 555.511000 152.813000
4 543.797000 153.217000
4 523.439000 153.221000
4 577.096000 153.561000
4 557.155000 153.821000
4 540.728000 154.218000
4 567.029000 155.564000
4 535.000000 155.746000
4 554.604000 156.498000
4 553.231000 157.644000
4 565.622000 159.177000
4 552.675000 160.487000
4 551.340000 161.382000
4 552.228000 161.539000
4 565.391000 162.420000
4 551.871000 163.963000
4 561.421000 166.072000
4 549.795000 166.147000
4 563.976000 166.470000
4 557.805000 167.451000
4 559.049000 168.661000
4 550.489000 169.343000
4 563.571000 171.008000
4 565.895000 174.816000
4 578.552000 176.176000
4 558.492000 176.966000
4 558.076000 183.121000
4 572.341000 183.795000
4 548.741000 185.141000
4 571.997000 185.255000
4 571.288000 186.591000
4 568.308000 189.231000
4 554.133000 189.464000
4 568.750000 190.522000
4 574.234000 191.904000
4 560.184000 192.290000
4 554.855000 194.481000
4 545.792000 198.292000
4 573.339000 199.370000
4 560.626000 201.339000
4 484.479000 201.808000
4 544.398000 202.037000
4 546.150000 202.697000
4 544.523000 203.247000
4 557.549000 203.253000
4 496.092000 204.783000
4 545.515000 205.062000
4 552.079000 205.232000
4 556.428000 205.593000
4 480.224000 206.366000
4 554.335000 206.420000
4 569.615000 206.821000
4 549.936000 207.559000
4 476.785000 207.988000
4 540.551000 208.510000
4 570.595000 208.906000
4 501.173000 209.049000
4 471.001000 209.154000
4 553.659000 209.159000
4 484.712000 209.501000
4 474.655000 209.547000
4 570.022000 209.903000
4 497.611000 211.970000
4 537.191000 211.979000
4 476.159000 213.082000
4 529.146000 213.374000
4 530.331000 213.716000
4 560.980000 214.079000
4 562.351000 214.130000
4 564.375000 214.272000
4 487.013000 214.471000
4 487.710000 214.871000
4 458.400000 214.958000
4 520.077000 215.482000
4 547.348000 216.150000
4 514.639000 216.942000
4 568.922000 217.769000
4 537.990000 217.917000
4 466.888000 218.478000
4 533.306000 218.951000
4 464.185000 218.974000
4 547.947000 218.987000
4 543.334000 219.389000
4 475.069000 220.200000
4 496.267000 220.200000
4 537.621000 221.068000
4 548.078000 221.696000
4 479.440000 221.889000
4 526.415000 221.976000
4 469.176000 222.122000
4 493.109000 222.595000
4 504.879000 223.245000
4 472.424000 223.374000
4 508.167000 224.352000
4 501.681000 224.604000
4 498.585000 224.761000
4 491.164000 225.738000
4 558.660000 226.102000
4 518.744000 226.107000
4 485.690000 226.433000
4 505.801000 227.197000
4 517.547000 227.273000
4 532.845000 227.692000
4 511.198000 229.151000
4 505.328000 229.270000
4 477.532000 230.323000
4 559.487000 230.512000
4 534.237000 231.182000
4 555.919000 231.330000
4 496.519000 231.653000
4 545.041000 233.072000
4 539.702000 233.506000
4 484.317000 233.798000
4 546.902000 233.832000
4 517.963000 234.854000
4 484.920000 235.709000
4 531.058000 235.723000
4 530.053000 235.845000
4 473.185000 235.903000
4 503.429000 236.263000
4 518.412000 236.544000
4 490.594000 237.163000
4 528.082000 237.987000
4 506.602000 239.498000
4 530.871000 239.966000
4 489.750000 242.396000
4 551.065000 242.547000
4 495.831000 242.586000
4 482.310000 243.418000
4 519.888000 244.016000
4 524.336000 245.015000
4 485.006000 245.823000
4 489.089000 246.340000
4 502.585000 246.657000
4 507.542000 247.408000
4 528.185000 247.661000
4 538.825000 248.077000
4 508.916000 248.813000
4 512.989000 248.855000
4 523.074000 250.801000
4 534.594000 252.169000
4 540.102000 252.257000
4 519.289000 252.735000
4 522.247000 253.701000
4 520.838000 254.256000
4 541.399000 254.555000
4 524.593000 254.965000
4 517.344000 255.757000
8 638.429000 69.833000
8 646.873000 70.219000
8 642.615000 70.236000
8 637.159000 73.381000
8 646.356000 76.271000
8 628.895000 77.097000
8 653.458000 77.615000
8 648.930000 79.587000
8 628.010000 79.848000
8 633.666000 80.951000
8 635.234000 81.065000
8 630.515000 81.439000
8 633.983000 81.757000
8 651.337000 82.528000
8 633.844000 84.471000
8 644.083000 85.890000
8 628.277000 87.093000
8 650.184000 87.129000
8 642.500000 87.839000
8 619.365000 89.899000
8 641.343000 90.272000
8 631.953000 90.276000
8 645.859000 90.376000
8 652.053000 90.481000
8 635.287000 92.205000
8 650.558000 92.824000
8 629.853000 94.010000
8 660.985000 94.011000
8 616.468000 94.085000
8 659.341000 96.810000
8 655.865000 99.736000
8 658.268000 100.376000
8 643.042000 102.249000
8 616.289000 102.478000
8 648.069000 102.873000
8 645.295000 105.293000
8 629.751000 106.066000
8 647.140000 108.757000
8 656.369000 110.216000
8 639.052000 110.412000
8 637.992000 112.942000
8 626.310000 113.467000
8 613.896000 117.119000
8 626.995000 117.563000
8 649.304000 117.694000
8 628.444000 118.015000
8 660.578000 118.683000
8 624.272000 120.167000
8 647.534000 121.180000
8 652.477000 121.476000
8 623.795000 121.700000
8 646.952000 121.884000
8 615.776000 123.529000
8 650.710000 123.953000
8 631.923000 124.434000
8 658.523000 125.339000
8 625.508000 125.495000
8 640.050000 125.601000
8 617.471000 127.921000
8 627.604000 129.176000
8 636.495000 129.319000
8 625.735000 129.760000
8 634.514000 130.263000
8 622.163000 130.690000
8 649.648000 131.033000
8 618.195000 132.638000
8 610.536000 132.741000
8 634.382000 133.032000
8 612.218000 134.758000
8 619.071000 135.846000
8 662.650000 136.899000
8 658.723000 138.197000
8 651.528000 138.403000
8 661.357000 140.724000
8 644.799000 141.261000
8 636.913000 141.899000
8 639.199000 142.088000
8 643.383000 143.582000
8 628.990000 145.241000
8 658.936000 145.456000
8 625.444000 145.547000
8 659.866000 145.636000
8 630.689000 145.696000
8 639.847000 146.073000
8 615.640000 148.389000
8 629.251000 148.398000
8 650.806000 149.221000
8 656.952000 150.523000
8 604.735000 150.861000
8 626.521000 150.995000
8 617.633000 151.196000
8 647.191000 152.708000
8 646.492000 152.897000
8 619.496000 154.315000
8 627.270000 154.611000
8 639.284000 155.420000
8 622.555000 155.503000
8 625.851000 156.341000
8 643.606000 156.761000
8 609.945000 158.653000
8 602.530000 160.501000
8 657.650000 160.602000
8 635.719000 161.542000
8 622.699000 162.277000
8 637.024000 162.813000
8 639.967000 162.975000
8 639.365000 163.731000
8 620.534000 164.019000
8 630.962000 164.268000
8 621.702000 164.641000
8 620.159000 165.072000
8 662.146000 165.240000
8 650.876000 165.404000
8 648.855000 167.315000
8 624.875000 168.281000
8 654.176000 168.852000
8 631.850000 168.909000
8 611.298000 168.946000
8 602.919000 169.310000
8 650.435000 169.443000
8 619.291000 169.777000
8 615.414000 170.371000
8 616.396000 170.894000
8 644.034000 172.010000
8 642.844000 172.614000
8 649.544000 172.643000
8 657.885000 173.242000
8 651.132000 174.202000
8 643.420000 175.624000
8 642.241000 176.611000
8 632.650000 178.971000
8 628.554000 179.042000
8 618.682000 179.581000
8 656.563000 179.591000
8 641.560000 181.521000
8 636.046000 181.612000
8 653.977000 182.634000
8 639.708000 183.470000
8 638.731000 183.472000
8 601.317000 184.681000
8 623.263000 184.972000
8 620.703000 185.233000
8 612.437000 185.931000
8 610.704000 186.450000
8 615.151000 186.791000
8 602.679000 187.337000
8 607.416000 188.377000
8 647.937000 189.060000
8 657.491000 189.694000
8 638.975000 191.449000
8 651.958000 192.903000
8 604.409000 193.249000
8 632.028000 194.416000
8 601.576000 194.947000
8 640.128000 195.589000
8 609.228000 195.754000
8 624.375000 196.041000
8 645.810000 196.052000
8 613.660000 196.166000
8 625.616000 196.519000
8 646.799000 197.472000
8 633.093000 198.324000
8 614.300000 198.526000
8 613.055000 198.557000
8 608.580000 199.304000
8 635.520000 199.740000
8 601.033000 200.945000
8 652.831000 202.270000
8 609.127000 204.111000
8 605.490000 204.686000
8 611.829000 204.873000
8 619.031000 205.036000
8 614.423000 205.113000
8 657.772000 205.355000
8 657.381000 206.686000
8 631.138000 206.869000
8 623.037000 207.234000
8 612.316000 209.244000
8 631.430000 210.478000
8 607.942000 210.840000
8 605.976000 211.040000
8 618.437000 212.160000
8 634.796000 212.666000
8 610.961000 213.425000
8 610.153000 215.188000
8 633.422000 218.453000
8 608.146000 219.188000
8 633.557000 219.878000
8 604.556000 220.790000
8 623.087000 221.653000
8 613.606000 222.104000
8 615.063000 222.315000
8 627.911000 223.012000
8 604.254000 223.408000
8 607.289000 224.486000
8 644.213000 224.599000
8 598.838000 224.764000
8 608.264000 225.201000
8 623.982000 225.693000
8 617.815000 225.705000
8 609.060000 226.166000
8 598.718000 226.987000
8 654.422000 231.377000
8 625.301000 232.053000
8 639.147000 233.532000
8 643.697000 233.820000
8 631.229000 234.764000
8 644.494000 235.512000
8 636.190000 236.904000
8 613.143000 237.416000
8 648.744000 239.676000
8 617.003000 239.865000
8 621.991000 241.452000
8 595.235000 241.921000
8 614.255000 242.220000
8 625.158000 242.820000
8 615.254000 243.125000
8 656.057000 243.157000
8 602.706000 243.216000
8 642.662000 245.097000
8 626.823000 247.105000
8 642.879000 248.146000
8 608.849000 248.307000
8 597.123000 251.997000
8 627.196000 252.452000
8 590.237000 253.125000
8 606.155000 253.360000
8 626.671000 254.995000
8 631.705000 255.064000
8 611.046000 256.673000
8 607.867000 257.979000
8 612.879000 258.661000
8 620.419000 259.859000
8 600.872000 260.058000
8 640.509000 260.983000
8 632.566000 261.732000
8 632.969000 261.954000
8 637.637000 262.346000
8 600.762000 262.490000
8 609.641000 262.757000
8 598.192000 262.925000
8 633.248000 263.680000
8 613.565000 264.571000
8 596.028000 264.929000
8 605.868000 266.005000
8 606.284000 266.339000
8 630.267000 266.767000
8 590.664000 267.344000
8 634.972000 268.941000
8 629.951000 269.953000
8 566.779000 270.141000
8 624.628000 270.960000
8 592.434000 271.299000
8 563.985000 272.660000
8 582.921000 272.690000
8 558.108000 272.722000
8 576.439000 273.065000
8 617.069000 273.229000
8 606.928000 273.560000
8 592.685000 274.150000
8 604.825000 274.538000
8 550.221000 276.310000
8 631.365000 277.220000
8 618.024000 277.472000
8 609.564000 277.599000
8 551.227000 277.835000
8 561.011000 278.402000
8 610.315000 279.406000
8 630.816000 279.596000
8 586.251000 279.724000
8 615.035000 280.036000
8 544.102000 280.259000
8 596.122000 280.357000
8 551.038000 280.461000
8 627.389000 280.766000
8 629.581000 280.840000
8 583.927000 280.909000
8 567.411000 281.058000
8 563.615000 281.110000
8 535.180000 281.514000
8 588.253000 281.569000
8 601.208000 281.781000
8 628.756000 281.994000
8 566.374000 282.239000
8 553.029000 282.259000
8 554.812000 282.421000
8 591.563000 282.493000
8 538.109000 282.559000
8 614.086000 282.568000
8 619.945000 283.010000
8 550.033000 283.092000
8 598.961000 284.439000
8 598.586000 284.883000
8 599.292000 285.253000
8 603.992000 287.038000
8 589.273000 287.346000
8 537.230000 287.784000
8 611.121000 288.272000
8 584.461000 288.812000
8 550.336000 288.853000
8 545.758000 289.376000
8 586.055000 289.412000
8 562.703000 289.468000
8 585.755000 290.904000
8 574.252000 290.973000
8 582.679000 290.978000
8 549.662000 291.402000
8 592.200000 291.789000
8 581.772000 291.836000
8 564.464000 292.351000
8 586.942000 292.405000
8 567.920000 293.421000
8 566.964000 293.507000
8 610.904000 293.739000
8 583.331000 293.777000
8 584.405000 294.012000
8 549.789000 294.089000
8 585.280000 294.418000
8 583.830000 294.789000
8 597.681000 294.973000
8 535.768000 295.254000
8 604.995000 295.599000
8 545.803000 295.735000
8 571.740000 296.147000
8 536.682000 296.948000
8 588.979000 296.993000
8 574.955000 297.113000
8 603.368000 297.967000
8 529.140000 298.157000
8 554.264000 299.127000
8 524.605000 299.439000
8 557.589000 299.657000
8 560.629000 300.508000
8 588.882000 301.082000
8 580.291000 302.288000
8 599.632000 302.326000
8 528.668000 302.446000
8 550.772000 303.124000
8 520.891000 303.156000
8 562.200000 303.450000
8 553.389000 304.069000
8 554.076000 304.111000
8 565.244000 304.849000
8 552.828000 304.859000
8 545.118000 305.189000
8 574.787000 305.203000
8 548.781000 305.562000
8 531.641000 306.148000
8 580.045000 306.605000
8 536.437000 306.857000
8 581.364000 307.078000
8 542.730000 307.096000
8 566.065000 308.456000
8 589.452000 309.517000
8 581.997000 309.537000
8 572.642000 309.685000
8 564.544000 310.094000
8 551.375000 310.510000
8 592.919000 310.886000
8 572.525000 310.948000
8 593.848000 312.823000
8 573.861000 313.341000
8 570.477000 313.669000
8 592.084000 314.374000
8 543.406000 314.782000
8 587.403000 314.782000
8 572.385000 315.254000
8 543.885000 315.921000
8 532.480000 316.115000
8 568.736000 316.530000
8 542.344000 317.173000
8 561.695000 317.556000
8 557.155000 319.103000
8 521.940000 319.312000
8 530.896000 320.019000
8 519.322000 320.204000
8 551.946000 321.267000
8 525.257000 321.555000
8 557.719000 322.275000
8 529.494000 322.420000
8 565.606000 323.526000
8 558.038000 324.983000
8 513.127000 325.576000
8 539.567000 325.635000
8 511.288000 325.661000
8 562.505000 326.106000
8 524.815000 326.561000
8 562.334000 326.591000
8 542.555000 326.774000
8 526.977000 329.825000
8 510.187000 332.044000
8 527.642000 333.275000
8 535.357000 333.618000
8 530.679000 334.881000
8 521.398000 336.101000
8 506.014000 336.845000
8 544.957000 338.278000
8 516.405000 338.377000
8 559.536000 338.844000
8 516.866000 340.122000
8 516.175000 340.423000
8 533.031000 342.258000
8 516.709000 342.967000
8 507.298000 343.141000
8 526.655000 343.227000
8 537.073000 343.324000
8 531.384000 344.036000
8 559.947000 344.313000
8 551.800000 344.665000
8 532.630000 346.463000
8 549.928000 346.870000
8 512.998000 347.134000
8 506.282000 347.256000
8 549.219000 347.288000
8 549.046000 347.325000
8 556.370000 347.521000
8 530.543000 347.717000
8 517.124000 348.839000
8 505.591000 349.722000
8 533.873000 350.120000
8 546.092000 350.246000
8 506.800000 351.681000
8 514.726000 352.324000
8 563.160000 352.825000
8 560.466000 353.041000
8 496.813000 353.348000
8 523.780000 353.627000
8 539.062000 354.104000
8 515.737000 354.633000
8 512.512000 354.649000
8 545.246000 354.684000
8 535.007000 354.879000
8 531.920000 355.585000
8 528.132000 357.187000
8 509.195000 357.335000
8 545.841000 357.713000
8 564.763000 360.585000
8 496.355000 360.734000
8 526.393000 362.780000
8 533.479000 362.868000
8 534.698000 363.307000
8 514.931000 364.027000
8 508.735000 364.085000
8 544.336000 365.089000
8 536.211000 368.434000
8 544.616000 368.465000
8 518.741000 368.731000
8 549.438000 368.815000
8 552.761000 369.180000
8 527.740000 370.741000
8 529.853000 371.235000
8 507.817000 371.655000
8 537.480000 372.144000
8 514.380000 372.154000
8 540.382000 372.201000
8 522.716000 372.396000
8 547.908000 373.611000
8 563.812000 373.659000
8 570.276000 374.890000
8 537.858000 375.534000
8 566.252000 376.006000
8 522.372000 376.576000
8 541.593000 376.772000
8 546.888000 377.032000
8 582.543000 378.021000
8 573.339000 379.514000
8 572.883000 380.490000
8 584.977000 380.705000
8 506.593000 380.706000
8 564.637000 382.724000
8 560.103000 383.985000
8 568.561000 384.308000
8 582.386000 384.610000
8 544.506000 384.680000
8 602.052000 385.070000
8 626.183000 385.463000
8 623.634000 386.466000
8 557.014000 386.488000
8 616.898000 386.718000
8 524.271000 387.662000
8 497.011000 388.034000
8 564.948000 388.251000
8 576.761000 388.831000
8 561.196000 389.205000
8 594.780000 390.005000
8 630.417000 390.870000
8 575.553000 391.146000
8 623.474000 391.353000
8 528.987000 391.381000
8 623.929000 392.063000
8 500.079000 392.084000
8 621.458000 392.174000
8 627.516000 392.205000
8 609.448000 392.217000
8 556.283000 393.042000
8 614.765000 393.269000
8 624.527000 393.526000
8 568.984000 393.640000
8 518.845000 393.922000
8 538.624000 394.299000
8 613.404000 394.391000
8 557.228000 394.627000
8 546.581000 395.050000
8 529.239000 395.060000
8 553.648000 395.396000
8 620.747000 395.500000
8 637.922000 396.260000
8 619.682000 396.262000
8 620.355000 396.944000
8 640.872000 396.954000
8 647.756000 397.113000
8 517.716000 397.381000
8 509.624000 398.128000
8 584.550000 398.314000
8 515.617000 398.462000
8 534.354000 398.824000
8 658.107000 398.942000
8 523.036000 399.070000
8 540.774000 399.332000
8 512.329000 399.970000
8 659.654000 400.335000
8 580.489000 400.387000
8 656.659000 400.523000
8 497.553000 400.884000
8 580.793000 400.915000
8 652.585000 401.112000
8 653.301000 401.142000
8 634.716000 401.244000
8 664.506000 402.044000
8 607.694000 402.076000
8 631.776000 402.169000
8 596.177000 402.183000
8 638.123000 402.948000
8 666.425000 403.010000
8 569.496000 403.554000
8 523.135000 404.033000
8 591.130000 404.274000
8 514.003000 404.715000
8 540.470000 405.085000
8 556.000000 405.256000
8 634.319000 405.427000
8 636.700000 405.742000
8 517.442000 406.077000
8 637.681000 406.356000
8 507.080000 406.499000
8 532.885000 407.271000
8 561.513000 407.344000
8 657.817000 408.070000
8 576.475000 408.079000
8 519.845000 408.173000
8 605.298000 408.676000
8 525.329000 408.777000
8 609.738000 408.906000
8 643.854000 409.022000
8 632.419000 409.502000
8 531.025000 409.594000
8 665.240000 409.595000
8 656.889000 409.615000
8 543.174000 409.724000
8 583.483000 409.846000
8 559.640000 410.030000
8 521.159000 410.444000
8 594.187000 410.605000
8 531.474000 410.911000
8 537.590000 410.962000
8 589.913000 410.969000
8 559.715000 411.300000
8 644.994000 411.510000
8 522.470000 411.807000
8 522.187000 411.914000
8 558.783000 412.258000
8 546.742000 412.305000
8 523.594000 412.541000
8 617.726000 412.715000
8 571.524000 413.035000
8 543.677000 413.373000
8 624.702000 413.612000
8 513.460000 413.998000
8 541.810000 414.169000
8 593.963000 414.261000
8 644.629000 414.595000
8 638.329000 414.601000
8 625.101000 414.690000
8 544.225000 414.718000
8 548.348000 415.317000
8 648.340000 415.376000
8 656.796000 416.111000
8 622.982000 416.399000
8 639.921000 416.485000
8 527.026000 416.579000
8 544.763000 416.649000
8 518.294000 416.867000
8 680.701000 416.937000
8 536.556000 417.417000
8 650.360000 418.248000
8 577.566000 418.340000
8 654.665000 418.648000
8 662.413000 418.669000
8 588.025000 419.772000
8 509.088000 420.189000
8 517.639000 420.626000
8 615.942000 420.748000
8 555.656000 421.388000
8 541.292000 421.412000
8 606.456000 421.616000
8 555.477000 422.030000
8 641.059000 422.102000
8 683.671000 422.505000
8 663.050000 422.637000
8 595.394000 422.642000
8 602.168000 422.725000
8 639.621000 422.884000
8 642.005000 422.946000
8 503.099000 423.039000
8 552.192000 423.151000
8 645.575000 423.792000
8 675.769000 424.198000
8 547.195000 424.432000
8 614.932000 424.576000
8 557.780000 425.207000
8 667.073000 425.590000
8 510.521000 426.533000
8 632.094000 426.829000
8 555.071000 427.039000
8 664.939000 427.302000
8 534.138000 427.444000
8 600.056000 427.462000
8 606.664000 427.974000
8 591.859000 428.001000
8 645.176000 428.255000
8 670.508000 428.310000
8 561.414000 428.466000
8 613.794000 428.565000
8 559.657000 428.669000
8 560.380000 429.224000
8 671.176000 429.473000
8 550.407000 429.628000
8 496.552000 429.749000
8 598.298000 430.209000
8 681.532000 430.285000
8 666.825000 430.519000
8 576.034000 430.531000
8 541.993000 430.812000
8 531.421000 430.824000
8 649.929000 431.409000
8 677.589000 431.481000
8 548.547000 431.905000
8 519.073000 431.995000
8 568.102000 432.006000
8 635.104000 432.828000
8 505.110000 432.984000
8 579.018000 433.463000
8 618.990000 433.662000
8 526.011000 433.833000
8 518.055000 433.979000
8 571.178000 434.044000
8 605.596000 434.319000
8 524.430000 434.446000
8 660.227000 434.590000
8 517.953000 434.911000
8 673.834000 435.254000
8 622.070000 435.692000
8 595.016000 436.412000
8 584.847000 436.565000
8 644.594000 436.610000
8 618.814000 436.923000
8 549.330000 437.570000
8 607.165000 437.833000
8 508.218000 438.065000
8 632.776000 438.067000
8 672.278000 438.864000
8 512.791000 438.881000
8 523.964000 438.922000
8 641.493000 439.113000
8 511.816000 439.857000
8 646.095000 440.274000
8 539.492000 440.442000
8 545.038000 440.497000
8 552.415000 440.576000
8 637.852000 440.880000
8 647.440000 440.969000
8 570.518000 441.199000
8 668.521000 441.215000
8 647.346000 441.747000
8 649.060000 442.005000
8 655.122000 442.006000
8 554.389000 442.290000
8 540.557000 442.730000
8 601.448000 442.844000
8 612.047000 442.940000
8 594.482000 443.222000
8 645.027000 443.565000
8 514.101000 444.018000
8 518.556000 444.059000
8 573.011000 444.297000
8 603.032000 444.463000
8 555.255000 445.010000
8 593.286000 445.038000
8 558.663000 445.260000
8 591.195000 445.414000
8 661.845000 445.446000
8 602.472000 445.846000
8 601.816000 446.305000
8 564.269000 446.346000
8 609.013000 446.653000
8 520.396000 447.219000
8 560.053000 447.272000
8 637.739000 447.422000
8 638.559000 448.135000
8 587.828000 448.490000
8 629.202000 448.540000
8 627.726000 450.150000
8 621.208000 451.384000
8 538.157000 452.418000
8 629.318000 452.661000
8 657.117000 452.665000
8 559.182000 452.682000
8 545.589000 452.721000
8 602.373000 453.472000
8 551.717000 453.653000
8 653.791000 453.915000
8 612.672000 454.150000
8 558.219000 454.310000
8 547.300000 454.506000
8 612.535000 455.623000
8 578.350000 455.690000
8 538.964000 455.895000
8 534.608000 455.959000
8 621.903000 455.992000
8 618.075000 456.074000
8 562.080000 456.396000
8 617.962000 457.551000
8 568.390000 457.755000
8 573.750000 458.924000
8 565.860000 459.454000
8 561.304000 459.931000
8 578.670000 460.610000
8 554.716000 460.908000
8 577.082000 461.731000
8 569.221000 462.349000
8 556.636000 464.758000
8 557.293000 465.752000
